     0/199     3.78G   0.09144   0.03589   0.02106    0.1484       270       640    0.1092    0.3978     0.127   0.02583   0.06522   0.02554   0.02692
     1/199     6.64G   0.07012   0.02764   0.01577    0.1135       291       640    0.2625    0.6931    0.4287    0.1251   0.05415   0.01592   0.01837
     2/199      7.9G   0.06261   0.02164   0.01055    0.0948       206       640    0.3199    0.8036    0.5764    0.2307    0.0489   0.01302  0.008332
     3/199     9.16G   0.05675   0.01965   0.00724   0.08364       197       640    0.3546    0.8051    0.7031    0.3323    0.0481   0.01171  0.006188
     4/199     9.16G   0.05259    0.0189  0.005898   0.07739       255       640    0.3739     0.828    0.6797    0.3405   0.04334   0.01122  0.005312
     5/199     9.16G    0.0488   0.01807  0.005226    0.0721       277       640    0.5708    0.8156     0.794    0.4529   0.03703   0.01095  0.005503
     6/199     9.16G   0.04686   0.01802  0.004774   0.06965       234       640    0.4041    0.8395    0.7462    0.4008   0.04217    0.0107  0.005358
     7/199     9.16G   0.04468   0.01761  0.004151   0.06644       251       640    0.5631    0.8295    0.7982    0.4827   0.03662    0.0109  0.004975
     8/199     9.16G   0.04218   0.01718  0.004269   0.06364       259       640    0.4778    0.8272    0.7588    0.4336   0.04294    0.0104  0.004536
     9/199     9.16G   0.04095   0.01676  0.003753   0.06146       253       640    0.6272    0.8309    0.8148    0.4828    0.0346   0.01035  0.004703
    10/199     9.16G   0.03925    0.0169  0.003931   0.06008       262       640    0.5866    0.8378    0.8146    0.4933   0.03434   0.01058  0.005677
    11/199     9.16G   0.03851    0.0167  0.003799   0.05902       311       640    0.6774    0.8341    0.8209    0.5107   0.03235   0.01037  0.005023
    12/199     9.16G   0.03677   0.01649   0.00351   0.05677       269       640    0.6414    0.8037    0.7878    0.4828   0.03395   0.01073  0.008645
    13/199     9.16G   0.03645   0.01629    0.0036   0.05635       264       640    0.6101    0.8219    0.8056    0.5038   0.03331   0.01058  0.005567
    14/199     9.16G   0.03514   0.01677  0.003746   0.05566       244       640     0.446    0.8487    0.7967    0.4993   0.03265   0.01244  0.005966
    15/199     9.16G   0.03523   0.01629  0.003698   0.05521       210       640    0.5617    0.8105    0.7909    0.4877   0.03318   0.01133  0.007715
    16/199     9.16G   0.03475   0.01695  0.003604    0.0553       225       640    0.6599    0.7904    0.7852    0.4895   0.03461   0.01114   0.00591
    17/199     9.16G    0.0336   0.01673  0.003633   0.05396       267       640    0.5596    0.8136     0.786    0.4704   0.03304   0.01142  0.006679
    18/199     9.16G   0.03352   0.01653  0.003459   0.05351       293       640    0.5279    0.8288    0.8022    0.5001   0.03256   0.01148  0.005939
    19/199     9.16G   0.03308   0.01634  0.003454   0.05286       265       640    0.5443    0.8064    0.7913    0.5001   0.03299   0.01138  0.006723
    20/199     9.16G   0.03224   0.01608  0.003441   0.05176       245       640    0.7726     0.774    0.7939    0.5097   0.03278   0.01177  0.005668
    21/199     9.16G   0.03129   0.01596  0.003416   0.05066       236       640    0.7153    0.7982     0.805    0.5167   0.03183   0.01097  0.006459
    22/199     9.16G   0.03117   0.01596  0.003059   0.05019       283       640    0.7174    0.8125    0.8243    0.5287   0.03133   0.01039  0.004769
    23/199     9.16G   0.03141   0.01604   0.00309   0.05054       256       640     0.687    0.8089    0.8084     0.514   0.03192   0.01099  0.005358
    24/199     9.16G   0.03071   0.01571  0.003082   0.04951       267       640    0.6612     0.815     0.807    0.5078   0.03299     0.011  0.005485
    25/199     9.16G   0.03081   0.01608  0.002842   0.04973       367       640    0.5777    0.8495    0.8266    0.5362   0.03022   0.01057  0.004484
    26/199     9.16G   0.03076   0.01577  0.002813   0.04935       353       640    0.7035    0.8201    0.8208    0.5289   0.03088   0.01035  0.005214
    27/199     9.16G   0.03063   0.01582  0.002649   0.04909       252       640    0.6693     0.804    0.8177    0.5299   0.03081   0.01045  0.005789
    28/199     9.16G   0.03014   0.01565  0.002619   0.04841       255       640    0.6948    0.8388    0.8315    0.5435   0.03014   0.01026  0.006022
    29/199     9.16G   0.02968   0.01542  0.002687   0.04779       239       640    0.6676    0.8304    0.8232    0.5423   0.02977   0.01015   0.00749
    30/199     9.16G   0.02962   0.01533  0.002563   0.04752       255       640    0.6845    0.8387    0.8333    0.5501   0.02964   0.01045  0.005086
    31/199     9.16G   0.02942   0.01536  0.002445   0.04723       285       640    0.7656    0.8188    0.8305    0.5436   0.03055   0.01051  0.005032
    32/199     9.16G   0.02971    0.0152  0.002436   0.04735       294       640    0.7208    0.8326    0.8354    0.5493    0.0303   0.01007  0.004503
    33/199     9.16G    0.0291   0.01529  0.002415    0.0468       247       640     0.775    0.8173    0.8332    0.5501   0.02994   0.01052  0.004693
    34/199     9.16G   0.02904   0.01554  0.002535   0.04712       232       640    0.6931     0.828    0.8296    0.5503   0.02964   0.01022  0.004374
    35/199     9.16G   0.02895   0.01502  0.002203   0.04617       230       640     0.713    0.8188    0.8222    0.5503   0.02945    0.0106  0.006009
    36/199     9.16G   0.02886   0.01532  0.002463   0.04665       299       640    0.6855     0.832    0.8334    0.5529   0.02992   0.01044   0.00447
    37/199     9.16G   0.02934   0.01531  0.002317   0.04697       274       640     0.717    0.8219    0.8262    0.5579    0.0298   0.01016  0.004324
    38/199     9.16G   0.02913   0.01484   0.00224   0.04622       242       640    0.7218    0.8358    0.8383    0.5551   0.02954   0.01005  0.005274
    39/199     9.16G   0.02848    0.0146   0.00206   0.04514       252       640    0.6587    0.8203    0.8097    0.5279   0.03055    0.0109  0.004831
    40/199     9.16G   0.02847   0.01496  0.002107   0.04553       325       640    0.7283    0.8087    0.8167    0.5447   0.03052   0.01072  0.005251
    41/199     9.16G   0.02812   0.01502  0.002025   0.04517       238       640    0.7272    0.8296    0.8331    0.5519   0.02995   0.01009  0.004886
    42/199     9.16G   0.02817   0.01451  0.002099   0.04478       264       640     0.735    0.8265    0.8347    0.5539   0.02967   0.01013  0.004717
    43/199     9.16G    0.0283   0.01478  0.002056   0.04514       250       640    0.7458    0.8379    0.8455    0.5643   0.02892  0.009955  0.004937
    44/199     9.16G   0.02766   0.01443   0.00195   0.04405       226       640    0.7022    0.8425    0.8404     0.558   0.02943   0.01032  0.004023
    45/199     9.16G   0.02822   0.01462  0.001854    0.0447       349       640    0.6902    0.8303    0.8264    0.5577   0.02897   0.00984  0.005287
    46/199     9.16G   0.02806   0.01467  0.001803   0.04453       239       640    0.7003    0.8448    0.8413    0.5677   0.02882  0.009651   0.00507
    47/199     9.16G   0.02792    0.0145  0.001896   0.04431       279       640    0.7232    0.8182    0.8206    0.5618   0.02907  0.009962  0.007354
    48/199     9.16G   0.02729   0.01448  0.001857   0.04363       243       640    0.7445    0.8373    0.8483    0.5664   0.02886   0.01019  0.004082
    49/199     9.16G   0.02753   0.01465  0.001993   0.04418       264       640     0.768    0.8147    0.8224    0.5582    0.0296   0.01028  0.005927
    50/199     9.16G   0.02768   0.01457  0.001849    0.0441       320       640    0.7514    0.8292    0.8404     0.561    0.0295   0.01048  0.004715
    51/199     9.16G   0.02732   0.01444  0.001871   0.04363       319       640    0.7163    0.8426    0.8422    0.5657   0.02863  0.009759   0.00599
    52/199     9.16G   0.02771   0.01462  0.001928   0.04425       234       640    0.6547    0.8472    0.8306    0.5567   0.02895   0.01008  0.005591
    53/199     9.16G   0.02734   0.01445  0.001789   0.04358       254       640    0.7528     0.809    0.8231    0.5559   0.02904   0.01031  0.006766
    54/199     9.16G   0.02731   0.01449  0.001589   0.04339       262       640    0.7279    0.8462    0.8457    0.5665   0.02888   0.01005  0.004746
    55/199     9.16G     0.027   0.01425  0.001699   0.04295       273       640    0.7364    0.8265    0.8276     0.558   0.02888   0.01003  0.005484
    56/199     9.16G   0.02668    0.0142  0.001662   0.04254       212       640    0.7584    0.8411    0.8436    0.5714   0.02887   0.01008  0.005546
    57/199     9.16G   0.02663   0.01427  0.001699    0.0426       263       640    0.7814    0.8065    0.8251    0.5605   0.02921   0.01041   0.00543
    58/199     9.16G   0.02719   0.01437  0.001719   0.04328       239       640    0.7024    0.8364    0.8327    0.5542   0.02893   0.01038  0.005433
    59/199     9.16G    0.0266   0.01428   0.00159   0.04247       320       640    0.7104    0.8441    0.8469    0.5622   0.02893   0.01006   0.00418
    60/199     9.16G   0.02663   0.01387  0.001747   0.04225       250       640    0.7157    0.8349    0.8386    0.5651   0.02918   0.01026  0.004153
    61/199     9.16G   0.02671   0.01412  0.001721   0.04255       285       640    0.7714    0.8255    0.8397    0.5733   0.02842   0.01037  0.005117
    62/199     9.16G   0.02637   0.01399  0.001694   0.04205       270       640     0.706    0.8304    0.8318    0.5617   0.02923  0.009952  0.006407
    63/199     9.16G   0.02673   0.01417  0.001651   0.04255       260       640    0.7754    0.8144    0.8317    0.5655   0.02874   0.01044  0.006136
    64/199     9.16G   0.02669   0.01434  0.001884   0.04291       219       640    0.7146    0.8243    0.8323    0.5622   0.02853  0.009943  0.005703
    65/199     9.16G    0.0264   0.01429  0.001726   0.04241       289       640    0.7817    0.8296    0.8486    0.5801   0.02836  0.009976  0.005191
    66/199     9.16G   0.02642   0.01415  0.001591   0.04216       238       640    0.7453    0.8334    0.8471     0.565   0.02906   0.01022  0.004995
    67/199     9.16G   0.02648   0.01407  0.001534   0.04209       269       640    0.7513    0.8396    0.8503    0.5804   0.02785  0.009875  0.005657
    68/199     9.16G   0.02623    0.0141  0.001585   0.04192       233       640    0.7463    0.8356    0.8377    0.5678   0.02931   0.01012  0.005165
    69/199     9.16G   0.02648   0.01403  0.001547   0.04206       251       640    0.7505    0.8403    0.8482    0.5786   0.02848  0.009799  0.005596
    70/199     9.16G   0.02601   0.01396  0.001534   0.04151       240       640    0.7787    0.8349    0.8495    0.5801   0.02806   0.01002  0.004694
    71/199     9.16G   0.02583   0.01379  0.001419   0.04104       296       640    0.7175    0.8327    0.8378    0.5652   0.02874   0.01019  0.005296
    72/199     9.16G   0.02566   0.01383  0.001462   0.04096       220       640    0.7326    0.8581     0.853    0.5803   0.02817  0.009697  0.005329
    73/199     9.16G   0.02556   0.01374  0.001446   0.04074       245       640    0.7554    0.8479     0.847    0.5733   0.02825   0.00995  0.004393
    74/199     9.16G   0.02529    0.0136  0.001431   0.04032       283       640    0.7736    0.8342    0.8458    0.5686   0.02873   0.01013  0.004136
    75/199     9.16G   0.02577    0.0137  0.001409   0.04088       373       640    0.7339    0.8448    0.8425    0.5771   0.02839  0.009945  0.004688
    76/199     9.16G   0.02503   0.01333  0.001466   0.03982       217       640    0.7593    0.8381    0.8456    0.5719   0.02866   0.01025  0.006189
    77/199     9.16G    0.0254   0.01359  0.001402   0.04039       261       640    0.6914    0.8585    0.8547    0.5674   0.02832   0.01027  0.004884
    78/199     9.16G   0.02526   0.01377  0.001329   0.04035       282       640    0.7335    0.8319    0.8455     0.578   0.02828   0.01015  0.005423
    79/199     9.16G   0.02513   0.01337   0.00133   0.03983       271       640    0.7778     0.841    0.8561    0.5776   0.02821  0.009865  0.005059
    80/199     9.16G   0.02494   0.01337  0.001369   0.03968       241       640    0.7232    0.8281    0.8314    0.5722   0.02854   0.01014  0.007704
    81/199     9.16G   0.02511   0.01347  0.001395   0.03998       243       640    0.7435    0.8426    0.8489    0.5806   0.02817   0.01009  0.005507
    82/199     9.16G   0.02527   0.01333  0.001358   0.03996       295       640    0.7236    0.8457    0.8492    0.5822   0.02813   0.00987  0.004977
    83/199     9.16G    0.0249   0.01329  0.001312    0.0395       265       640    0.7446    0.8449    0.8543    0.5772   0.02865   0.01016  0.004611
    84/199     9.16G   0.02501   0.01349  0.001355   0.03986       278       640    0.7631    0.8361    0.8462    0.5757   0.02881   0.01017   0.00495
    85/199     9.16G    0.0246   0.01311  0.001321   0.03903       234       640    0.7673    0.8327    0.8459    0.5832     0.028   0.01007   0.00584
    86/199     9.16G    0.0249    0.0134  0.001632   0.03993       246       640    0.7447    0.8357    0.8493    0.5848   0.02805  0.009978  0.005358
    87/199     9.16G   0.02522   0.01354  0.001404   0.04017       273       640    0.7561    0.8411    0.8434    0.5728   0.02817  0.009957  0.005157
    88/199     9.16G   0.02451   0.01317  0.001342   0.03903       245       640    0.7561    0.8395      0.85    0.5825   0.02798   0.01014  0.005034
    89/199     9.16G   0.02468   0.01353  0.001376   0.03959       223       640    0.7598    0.8526    0.8587    0.5849   0.02781  0.009808  0.004801
    90/199     9.16G    0.0243   0.01304  0.001272   0.03861       281       640    0.7616     0.832    0.8466    0.5719   0.02866   0.01034   0.00456
    91/199     9.16G   0.02441   0.01308  0.001145   0.03864       240       640    0.7615    0.8457    0.8531    0.5855   0.02811  0.009981  0.004196
    92/199     9.16G   0.02456   0.01319  0.001198   0.03895       266       640    0.7795    0.8422    0.8552    0.5815   0.02836   0.01043  0.004313
    93/199     9.16G   0.02408   0.01308  0.001274   0.03844       246       640    0.7437     0.853    0.8594    0.5766   0.02846   0.01009  0.004362
    94/199     9.16G   0.02426   0.01317  0.001253   0.03869       252       640    0.7553    0.8364     0.846     0.575   0.02857   0.01018  0.005553
    95/199     9.16G   0.02412   0.01303  0.001282   0.03843       265       640    0.7716    0.8419    0.8497    0.5832   0.02816   0.01012  0.005774
    96/199     9.16G   0.02415     0.013  0.001213   0.03836       213       640    0.7724    0.8411    0.8516    0.5799   0.02846    0.0104    0.0051
    97/199     9.16G    0.0238   0.01306  0.001148   0.03801       266       640    0.7551    0.8421    0.8477    0.5834   0.02826   0.01004  0.005766
    98/199     9.16G   0.02433   0.01294  0.001201   0.03847       274       640    0.7406    0.8518    0.8569    0.5841   0.02802  0.009968  0.004186
    99/199     9.16G    0.0237   0.01302  0.001256   0.03798       232       640    0.7533    0.8442     0.847    0.5838    0.0283  0.009928  0.005716
   100/199     9.16G   0.02427    0.0132  0.001203   0.03866       236       640    0.7596    0.8465    0.8475    0.5837   0.02833  0.009964  0.005762
   101/199     9.16G   0.02386   0.01281   0.00119   0.03786       292       640    0.7434    0.8519    0.8536     0.585   0.02833  0.009964  0.006059
   102/199     9.16G   0.02351   0.01275  0.001162   0.03742       256       640    0.7625    0.8358    0.8424    0.5809   0.02843    0.0102  0.007654
   103/199     9.16G   0.02322   0.01252  0.001164   0.03691       245       640    0.7665    0.8457    0.8533     0.578   0.02858    0.0104  0.006155
   104/199     9.16G   0.02326   0.01268  0.001131   0.03707       260       640    0.7541    0.8473    0.8486    0.5791   0.02845   0.01002  0.005996
   105/199     9.16G   0.02329   0.01283  0.001171   0.03729       249       640    0.7716    0.8427    0.8504    0.5856    0.0283   0.01009  0.005394
   106/199     9.16G   0.02335   0.01284  0.001139   0.03733       257       640    0.7834    0.8536    0.8646    0.5875   0.02801   0.01017  0.004753
   107/199     9.16G   0.02336   0.01258  0.001001   0.03694       225       640    0.7668    0.8518    0.8565    0.5795   0.02795   0.01032  0.005011
   108/199     9.16G   0.02298   0.01254  0.001186    0.0367       212       640     0.759    0.8334    0.8463    0.5767   0.02875   0.01023  0.006087
   109/199     9.16G   0.02303   0.01268  0.001102   0.03682       236       640    0.7565    0.8342    0.8453    0.5819   0.02794  0.009934  0.006891
   110/199     9.16G   0.02309   0.01255  0.001096   0.03673       224       640    0.7532    0.8472    0.8506     0.584   0.02787  0.009997  0.005622
   111/199     9.16G    0.0227   0.01247  0.001065   0.03623       287       640    0.7682    0.8403    0.8478    0.5844   0.02827      0.01  0.005562
   112/199     9.16G   0.02289    0.0125  0.001012    0.0364       318       640    0.7777    0.8411    0.8531    0.5816   0.02798   0.01025  0.005211
   113/199     9.16G   0.02253   0.01246  0.001052   0.03604       275       640    0.7594    0.8449    0.8507     0.586    0.0279   0.01017  0.005887
   114/199     9.16G   0.02281   0.01243    0.0011   0.03633       243       640     0.759    0.8393    0.8481     0.583   0.02814   0.01038  0.005975
   115/199     9.16G   0.02246   0.01237  0.001002   0.03582       270       640    0.7728    0.8403    0.8499    0.5889   0.02799   0.01004  0.005376
   116/199     9.16G   0.02269   0.01235 0.0008928   0.03594       269       640    0.7903    0.8411    0.8542    0.5835   0.02839   0.01028  0.006054
   117/199     9.16G   0.02237    0.0123  0.001059   0.03573       316       640    0.7733    0.8342    0.8472    0.5876   0.02793   0.01009   0.00555
   118/199     9.16G   0.02233   0.01232 0.0008963   0.03555       275       640    0.7634    0.8441    0.8551    0.5838   0.02797   0.01021  0.005285
   119/199     9.16G   0.02214   0.01241  0.001014   0.03557       270       640    0.7832     0.848    0.8574    0.5854   0.02799   0.01026  0.005156
   120/199     9.16G   0.02274   0.01227  0.001017   0.03602       289       640    0.7983    0.8437     0.862    0.5849   0.02819   0.01046  0.004462
   121/199     9.16G   0.02232   0.01223   0.00101   0.03556       241       640    0.7568    0.8465    0.8509    0.5846   0.02798   0.01024  0.005832
   122/199     9.16G   0.02208   0.01225  0.001012   0.03534       250       640    0.7415    0.8435    0.8448    0.5807   0.02811   0.01025  0.006143
   123/199     9.16G   0.02209   0.01225  0.001018   0.03536       286       640    0.7761    0.8396    0.8511    0.5842    0.0285   0.01016  0.005821
   124/199     9.16G   0.02149   0.01168 0.0009279    0.0341       258       640    0.7739    0.8445    0.8557    0.5917   0.02801   0.01015  0.005372
   125/199     9.16G   0.02195   0.01225 0.0009389   0.03513       274       640    0.7735    0.8449    0.8568    0.5836   0.02816   0.01036  0.005395
   126/199     9.16G   0.02168    0.0119  0.001016    0.0346       236       640    0.7633    0.8426    0.8569    0.5865   0.02836    0.0104  0.005907
   127/199     9.16G    0.0218   0.01174   0.00102   0.03456       272       640    0.7453    0.8412    0.8496    0.5835   0.02826   0.01029  0.006044
   128/199     9.16G   0.02186   0.01181 0.0009608   0.03464       293       640    0.7537    0.8495    0.8572    0.5875   0.02798   0.01011  0.005734
   129/199     9.16G   0.02164   0.01193 0.0009029   0.03447       218       640    0.7785    0.8396    0.8552    0.5862   0.02839   0.01034  0.006055
   130/199     9.16G   0.02131    0.0116  0.000941   0.03385       264       640    0.7928    0.8442    0.8583    0.5908   0.02815   0.01025  0.006124
   131/199     9.16G   0.02146   0.01186 0.0009767    0.0343       235       640    0.7847    0.8365    0.8532    0.5901    0.0282   0.01037  0.006701
   132/199     9.16G   0.02114   0.01182 0.0008881   0.03384       280       640    0.7631    0.8411      0.85    0.5877   0.02825   0.01017  0.006235
   133/199     9.16G   0.02191   0.01205 0.0009042   0.03486       259       640    0.7547    0.8441    0.8495    0.5854   0.02818   0.01014  0.005955
   134/199     9.16G   0.02123   0.01196  0.000894   0.03408       274       640    0.7741    0.8449    0.8519    0.5879   0.02826   0.01025  0.005497
   135/199     9.16G   0.02163   0.01175 0.0008808   0.03426       344       640    0.7581    0.8472    0.8535    0.5825   0.02836   0.01047  0.005389
   136/199     9.16G   0.02145    0.0118 0.0007991   0.03405       265       640    0.7714    0.8456    0.8569    0.5861   0.02838   0.01049  0.004928
   137/199     9.16G   0.02101   0.01169  0.000858   0.03357       247       640    0.7635    0.8427    0.8514    0.5842   0.02822   0.01043  0.005764
   138/199     9.16G   0.02135   0.01174 0.0008705   0.03395       230       640    0.7571    0.8411     0.849    0.5803    0.0283   0.01042  0.005899
   139/199     9.16G   0.02103   0.01153 0.0008526   0.03341       256       640    0.7777    0.8426    0.8499    0.5789   0.02827   0.01051   0.00622
   140/199     9.16G   0.02045    0.0113  0.000842   0.03259       265       640    0.7834    0.8334    0.8511    0.5833   0.02819   0.01041  0.006708
   141/199     9.16G   0.02054   0.01133 0.0009024   0.03277       296       640    0.7821    0.8373    0.8496    0.5863   0.02797   0.01028  0.006391
   142/199     9.16G   0.02061   0.01141  0.000872   0.03289       286       640    0.7849    0.8342    0.8498    0.5823    0.0283   0.01059  0.006943
   143/199     9.16G   0.02028   0.01137  0.000801   0.03245       271       640    0.7709    0.8359    0.8471    0.5823   0.02832   0.01057  0.007017
   144/199     9.16G   0.02062   0.01136 0.0008472   0.03282       293       640    0.7857    0.8319    0.8476    0.5806   0.02833   0.01049  0.006714
   145/199     9.16G   0.02017   0.01134 0.0008747   0.03238       221       640    0.7874    0.8334     0.849    0.5833   0.02825   0.01058   0.00706
   146/199     9.16G    0.0202    0.0113 0.0008427   0.03235       247       640    0.7706    0.8403    0.8524    0.5862   0.02822   0.01037  0.006958
   147/199     9.16G   0.02059   0.01133  0.000849   0.03276       259       640    0.7711    0.8426    0.8519    0.5868   0.02827   0.01039  0.006551
   148/199     9.16G   0.01998   0.01135 0.0007414   0.03207       285       640    0.7741    0.8465    0.8549    0.5876   0.02819   0.01049  0.006162
   149/199     9.16G   0.02019   0.01119 0.0008082   0.03219       261       640    0.7649    0.8498    0.8565    0.5883   0.02817   0.01038  0.006627
   150/199     9.16G   0.02039   0.01132 0.0008411   0.03256       223       640    0.7678    0.8503    0.8593    0.5906   0.02817   0.01048   0.00609
   151/199     9.16G   0.01999   0.01125 0.0008285   0.03207       261       640    0.7746    0.8503    0.8582    0.5897   0.02827   0.01043  0.005859
   152/199     9.16G   0.02033   0.01131 0.0007676    0.0324       257       640      0.79    0.8434    0.8597    0.5895   0.02827    0.0105  0.005347
   153/199     9.16G   0.01995   0.01116  0.000727   0.03184       284       640    0.7813    0.8465    0.8572    0.5899   0.02823   0.01052   0.00573
   154/199     9.16G   0.02016   0.01104  0.000743   0.03195       244       640    0.7971    0.8442    0.8575    0.5921   0.02806   0.01041  0.006035
   155/199     9.16G   0.01961   0.01107 0.0007836   0.03146       307       640    0.7961    0.8411    0.8567    0.5925   0.02796   0.01049  0.005984
   156/199     9.16G   0.01985   0.01092 0.0008103   0.03158       239       640    0.7908    0.8419    0.8591    0.5911   0.02788   0.01049   0.00617
   157/199     9.16G   0.01946   0.01093  0.000745   0.03113       253       640     0.781    0.8465    0.8593    0.5884   0.02795   0.01047  0.006186
   158/199     9.16G   0.01992   0.01101   0.00075   0.03167       258       640    0.7813    0.8426    0.8574    0.5888   0.02795   0.01034   0.00605
   159/199     9.16G   0.01939   0.01105  0.000747   0.03119       288       640    0.7816     0.845    0.8591    0.5896   0.02808   0.01041    0.0063
   160/199     9.16G   0.01934   0.01096 0.0008263   0.03112       233       640    0.7806    0.8434    0.8585    0.5889   0.02815   0.01059  0.006116
   161/199     9.16G   0.01942   0.01086 0.0007501   0.03102       239       640    0.7861    0.8473    0.8587    0.5893   0.02813    0.0106  0.006328
   162/199     9.16G   0.01941   0.01066 0.0008485   0.03092       235       640    0.7898     0.843    0.8593    0.5898   0.02812   0.01062  0.006587
   163/199     9.16G   0.01921   0.01081 0.0006974   0.03072       183       640     0.788    0.8434    0.8553    0.5886   0.02805   0.01061  0.006509
   164/199     9.16G   0.01922   0.01089 0.0006677   0.03077       297       640    0.7835    0.8388    0.8524    0.5898   0.02791   0.01062  0.006826
   165/199     9.16G   0.01947   0.01085 0.0007142   0.03104       240       640    0.7816    0.8388    0.8549    0.5908   0.02798    0.0107  0.006531
   166/199     9.16G   0.01897   0.01077 0.0006481   0.03039       343       640    0.7898     0.838     0.855    0.5923   0.02798   0.01067  0.006317
   167/199     9.16G    0.0191   0.01064 0.0007077   0.03045       269       640    0.7917    0.8388    0.8542    0.5894   0.02792   0.01068  0.006344
   168/199     9.16G   0.01889   0.01071 0.0006879   0.03029       259       640    0.8021    0.8377    0.8576    0.5917   0.02794   0.01077  0.006058
   169/199     9.16G   0.01871   0.01057 0.0007358   0.03002       279       640    0.7905    0.8365    0.8585    0.5918   0.02804   0.01077  0.005883
   170/199     9.16G   0.01915   0.01073 0.0006807   0.03056       317       640    0.7949    0.8388    0.8573    0.5917   0.02806   0.01077   0.00584
   171/199     9.16G   0.01886    0.0107 0.0007285   0.03029       269       640    0.7909    0.8381    0.8557    0.5892    0.0281   0.01072  0.006022
   172/199     9.16G   0.01896   0.01035 0.0007575   0.03007       234       640    0.7909    0.8442    0.8572    0.5886   0.02798   0.01072  0.006055
   173/199     9.16G   0.01898   0.01056 0.0006271   0.03017       276       640    0.7898    0.8448    0.8611    0.5907   0.02798   0.01077  0.006483
   174/199     9.16G   0.01863   0.01053 0.0006608   0.02982       285       640    0.7859    0.8446    0.8605    0.5913   0.02805   0.01082  0.006391
   175/199     9.16G   0.01865   0.01067 0.0006519   0.02997       238       640    0.7912    0.8442    0.8606    0.5902   0.02808   0.01086  0.006387
   176/199     9.16G   0.01855   0.01041   0.00065   0.02961       230       640    0.7926    0.8457    0.8606    0.5904   0.02807   0.01086  0.006277
   177/199     9.16G    0.0186   0.01043 0.0007148   0.02975       290       640    0.7914    0.8419    0.8575    0.5896   0.02805   0.01092  0.006053
   178/199     9.16G   0.01874   0.01064 0.0007433   0.03012       310       640    0.7906    0.8388    0.8539    0.5887   0.02803   0.01094  0.006159
   179/199     9.16G   0.01869   0.01053 0.0007321   0.02995       298       640    0.7881    0.8365    0.8537    0.5878   0.02809   0.01097  0.006278
   180/199     9.16G   0.01864   0.01052 0.0006242   0.02978       340       640    0.7833    0.8403    0.8553    0.5865   0.02817   0.01103  0.006263
   181/199     9.16G   0.01833   0.01019 0.0006114   0.02913       271       640     0.784    0.8383    0.8531    0.5888   0.02817   0.01102  0.006413
   182/199     9.16G   0.01824   0.01023 0.0006593   0.02912       272       640    0.7834    0.8391    0.8536    0.5876   0.02812   0.01108  0.006482
   183/199     9.16G    0.0181   0.01033 0.0006261   0.02905       236       640    0.7783    0.8365     0.854    0.5862   0.02815   0.01109  0.006321
   184/199     9.16G   0.01843   0.01035 0.0006081   0.02938       284       640    0.7828     0.838    0.8581    0.5903   0.02817   0.01109  0.006116
   185/199     9.16G   0.01836   0.01032 0.0005889   0.02927       357       640    0.7881    0.8395    0.8565    0.5919   0.02817   0.01111  0.006118
   186/199     9.16G   0.01817   0.01031 0.0006416   0.02913       298       640    0.7873    0.8403    0.8582    0.5917   0.02815   0.01111  0.006205
   187/199     9.16G   0.01841   0.01038 0.0006866   0.02948       247       640    0.7862    0.8341    0.8574    0.5904   0.02815   0.01112  0.006092
   188/199     9.16G   0.01869   0.01031 0.0006588   0.02966       320       640    0.7845    0.8378    0.8575    0.5901    0.0282   0.01109  0.006178
   189/199     9.16G   0.01823   0.01028 0.0005887    0.0291       246       640    0.7863    0.8388    0.8591    0.5898   0.02823   0.01103  0.006097
   190/199     9.16G   0.01807   0.01029 0.0005948   0.02895       343       640    0.7823    0.8434    0.8592    0.5927   0.02821   0.01101  0.005986
   191/199     9.16G   0.01813   0.01029 0.0006211   0.02904       266       640    0.7791    0.8426    0.8594    0.5934   0.02819   0.01102  0.006029
   192/199     9.16G   0.01818   0.01012    0.0006    0.0289       285       640    0.7821    0.8388    0.8585    0.5941   0.02822   0.01106  0.006223
   193/199     9.16G   0.01856   0.01026  0.000639   0.02946       206       640    0.7834     0.838    0.8567    0.5928   0.02822   0.01111  0.006316
   194/199     9.16G   0.01802   0.01031 0.0005826   0.02892       299       640    0.7833    0.8388    0.8568    0.5922   0.02825   0.01113  0.006449
   195/199     9.16G   0.01753   0.01002 0.0006501    0.0282       258       640    0.7879    0.8365    0.8563    0.5932   0.02828   0.01117  0.006387
   196/199     9.16G   0.01801   0.01024 0.0005849   0.02883       255       640    0.7889    0.8365    0.8559    0.5932   0.02825    0.0112    0.0063
   197/199     9.16G   0.01781   0.01004 0.0006681   0.02852       228       640    0.7852    0.8396    0.8556    0.5943   0.02824   0.01118  0.006232
   198/199     9.16G   0.01804   0.01037 0.0006056   0.02902       333       640    0.7816    0.8388    0.8557    0.5924   0.02825   0.01117  0.006253
   199/199     9.16G   0.01778   0.01025 0.0006574   0.02869       222       640    0.7873    0.8388     0.856    0.5921   0.02828   0.01116  0.006291
